$ 1 0.000005 10.20027730826997 50 5 43 5e-11
r -16 96 -16 176 0 900
r 80 96 80 208 0 900
r 80 208 80 304 0 100
r -16 176 -16 240 0 100
174 -16 240 -32 288 1 40 0.9950000000000001 Resistance
w -16 96 32 96 0
w -16 304 32 304 0
g 32 304 32 320 0 0
R 32 96 32 64 0 0 40 5 0 0 0.5
w 80 96 32 96 0
w 80 304 32 304 0
w -32 272 -48 272 0
w -48 272 -48 304 0
w -48 304 -16 304 0
w -16 176 144 176 0
w 80 208 144 208 0
r 272 64 272 144 0 24000
r 272 144 272 224 0 1720
r 272 224 272 304 0 24000
409 192 64 272 64 3 0.6 0 0.023100000000000002 2
409 192 304 272 304 1 0.6 0 0.023100000000000002 2
409 352 176 432 176 3 0.6 0 0.023100000000000002 2
w 352 64 352 160 0
w 352 192 352 304 0
r 272 64 352 64 0 24000
r 272 304 352 304 0 24000
r 352 64 432 64 0 24000
r 352 304 432 304 0 24000
w 432 176 432 304 0
w 192 80 192 144 0
w 192 224 192 288 0
w 192 48 144 48 0
w 192 320 144 320 0
w 144 48 144 176 0
w 144 208 144 320 0
p 432 176 512 176 1 0 0
p -16 176 80 208 1 0 0
R 224 32 224 16 0 0 40 12 0 0 0.5
R 384 144 384 128 0 0 40 12 0 0 0.5
R 224 272 224 256 0 0 40 12 0 0 0.5
g 432 64 432 80 0 0
w 192 144 272 144 0
w 192 224 272 224 0
R 224 336 224 352 0 0 40 -12 0 0 0.5
R 384 208 384 224 0 0 40 -12 0 0 0.5
R 224 96 224 112 0 0 40 -12 0 0 0.5
g 512 176 512 192 0 0
